# Put BeatmapSetID(osu!)
1491152
1759971
168001
450097
832720
2069597
1357783
145043
331543
259575
600341
354052
716105
765662
587814
319515
733493
#628887: Pike's Touhou Piano Pack
628887
173360
729272
298503
1404622
337005
1486661
205087
398646
308638
196833
124737
699950
1185469
1277542
1409437
774491
160189
467409
698764
712925
1270907
495355
333571
336280
504305
400398
130555
428534
377786
381273
1475166
785312
292406
847776
157169
620027
598849
1924696
510718
1799283
954582
304769
328405
216009
481078
125233
551515
555395
910327
170023
#Done to B
700323
1076114
220543
695802
1474359
212057
289096
1159735
332951
544306
152665
648379
192245
1467160
232990
256217
375122
696952
1511074
935126
1454176
439626
992079
145136